[device]
make=Purism
model=Librem 5

[big]
driver=legacy
media-driver=/dev/v4l/by-path/platform-30b80000.csi2_bridge-video-index0
capture-width=1052
capture-height=780
capture-rate=30
capture-fmt=GRBG8
preview-width=1052
preview-height=780
preview-rate=30
preview-fmt=GRBG8
rotate=0
colormatrix=1.384,-0.3203,-0.0124,-0.2728,1.049,0.1556,-0.0506,0.2577,0.8050
forwardmatrix=0.87972,0.15528,0.12216,0.3039,0.6698,0.0263,0.0002,0.0556,0.7693
mirrored=false
has-focus=true
blacklevel=16
fnumber=2.0
focallength=3.17
cropfactor=7.38

[selfie]
driver=legacy
media-driver=/dev/v4l/by-path/platform-30a90000.csi1_bridge-video-index0
capture-width=1632
capture-height=1224
capture-rate=30
capture-fmt=GBRG10
preview-width=1632
preview-height=1224
preview-rate=30
preview-fmt=GBRG10
rotate=90
colormatrix=1.384,-0.3203,-0.0124,-0.2728,1.049,0.1556,-0.0506,0.2577,0.8050
forwardmatrix=0.87972,0.15528,0.12216,0.3039,0.6698,0.0263,0.0002,0.0556,0.7693
mirrored=true
blacklevel=64
fnumber=2.0
focallength=2.42
cropfactor=9.46
