[device]
make=Purism
model=Librem 5

[big]
driver=legacy
media-driver=/dev/v4l/by-path/platform-30b80000.csi2_bridge-video-index0
capture-width=2104
capture-height=1560
capture-rate=30
capture-fmt=GRBG8
preview-width=1052
preview-height=780
preview-rate=30
preview-fmt=GRBG8
rotate=270
colormatrix=1.0447192, -0.3827290, -0.1203956, -0.2059623, 1.3225799, 0.2009371, 0.0837337, 0.1372769, 0.9852679
forwardmatrix=0.412000, 0.284989, 0.052351, 0.070982, 0.821549, -0.117718, -0.044904, -0.138686, 0.828487
mirrored=false
has-focus=true
blacklevel=16
fnumber=2.0
focallength=3.17
cropfactor=7.38

[selfie]
driver=legacy
media-driver=/dev/v4l/by-path/platform-30a90000.csi1_bridge-video-index0
capture-width=1632
capture-height=1224
capture-rate=30
capture-fmt=GBRG10
preview-width=1632
preview-height=1224
preview-rate=30
preview-fmt=GBRG10
rotate=90
colormatrix=1.0447192, -0.3827290, -0.1203956, -0.2059623, 1.3225799, 0.2009371, 0.0837337, 0.1372769, 0.9852679
forwardmatrix=0.412000, 0.284989, 0.052351, 0.070982, 0.821549, -0.117718, -0.044904, -0.138686, 0.828487
mirrored=true
blacklevel=64
fnumber=2.0
focallength=2.42
cropfactor=9.46
